0 0.58984375 0.6578125 0.146875 0.09765625
0 0.23046875 0.55546875 0.11953125 0.07421875
0 0.6984375 0.353125 0.13046875 0.07734375
0 0.5328125 0.4671875 0.12578125 0.08046875
0 0.3515625 0.44765625 0.13203125 0.0671875
0 0.4078125 0.38125 0.11796875 0.0671875
2 0.625 0.2609375 0.1109375 0.05625
2 0.54765625 0.3109375 0.1328125 0.0578125
2 0.3140625 0.3359375 0.0828125 0.053125
2 0.68671875 0.4546875 0.1328125 0.0671875
2 0.8453125 0.4171875 0.140625 0.071875
2 0.62265625 0.5640625 0.14765625 0.0765625
2 0.3265625 0.653125 0.13046875 0.08671875
2 0.4015625 0.51328125 0.10859375 0.07109375