1 0.37578125 0.74375 0.10859375 0.08828125
1 0.29453125 0.61875 0.115625 0.08125
1 0.6203125 0.50703125 0.09140625 0.06953125
1 0.49375 0.32265625 0.0921875 0.0625
0 0.15546875 0.42109375 0.0953125 0.06796875
0 0.26796875 0.3203125 0.09453125 0.059375
0 0.33515625 0.4171875 0.10078125 0.05390625
0 0.4296875 0.51953125 0.09296875 0.0625
0 0.56875 0.640625 0.09765625 0.065625
2 0.22109375 0.27578125 0.0765625 0.04765625
2 0.38515625 0.371875 0.0828125 0.05234375
2 0.28671875 0.37734375 0.08359375 0.04921875
2 0.540625 0.42734375 0.07109375 0.05078125
2 0.3765625 0.4671875 0.084375 0.04375
2 0.48203125 0.575 0.0875 0.05
2 0.62734375 0.70625 0.09296875 0.06875
2 0.79375 0.7140625 0.0921875 0.06796875
0 0.72109375 0.79296875 0.09609375 0.08046875