2 0.428125 0.44638793539145183 0.0796875 0.14311474801081764
2 0.440625 0.8348146360598154 0.0828125 0.15408861067790874
2 0.5171875 0.6271117714035422 0.0640625 0.1335579346753633
2 0.57265625 0.5183822087444054 0.0578125 0.12411020934118148
2 0.56953125 0.28865834607731466 0.0625 0.11635225334181776
2 0.60546875 0.4429827667488599 0.05625 0.11627952800763594
2 0.7125 0.36454068809672285 0.0453125 0.09740225867281786
2 0.6671875 0.6780759294239049 0.05625 0.11159202800763594
0 0.5390625 0.8179913100731785 0.0765625 0.1587033853437269
0 0.57109375 0.6707077774108601 0.0640625 0.1366829346753633
0 0.6328125 0.5979884400859051 0.05625 0.11159202800763594
0 0.6875 0.5048747867599956 0.053125 0.10843066534054521
0 0.51484375 0.4942719994032241 0.0796875 0.13686474801081766
1 0.59765625 0.09523561008113263 0.0828125 0.1665886106779086
1 0.5046875 0.33634132073517864 0.084375 0.146294292011454
1 0.44296875 0.6762481580601336 0.09375 0.17296588001272664
1 0.640625 0.24964184675363238 0.0609375 0.12414657200827231
1 0.67734375 0.20085035809195034 0.0640625 0.12105793467536322
0 0.37578125 0.6145288607176795 0.0953125 0.176109061346272