1 0.55859375 0.511694023583281 0.109375 0.17256945916315997
2 0.62109375 0.5404390716765152 0.0890625 0.12654763103285874
2 0.73359375 0.5240551582443368 0.0765625 0.11204862141421187
2 0.67578125 0.6243800512580951 0.078125 0.11054068511654283
2 0.64921875 0.7328274683184706 0.078125 0.10585318511654265
0 0.6125 0.8682639713136954 0.090625 0.1531646947351895
2 0.67265625 0.8594271738534335 0.071875 0.11188493030721958
2 0.5125 0.9194593943645207 0.0875 0.11555556733052796
2 0.39375 0.40828130298737564 0.1234375 0.18556053248413756
2 0.5234375 0.3049975902808367 0.1015625 0.16448414065150557
1 0.5390625 0.8071057273041452 0.1 0.1441170769491748
1 0.55703125 0.1694519598809501 0.121875 0.20425596878180677
1 0.6625 0.2590725097882829 0.103125 0.16297620435383653
1 0.7484375 0.3011360134164799 0.096875 0.1643204495445131
0 0.790625 0.683859233379413 0.0703125 0.11651786660488846
0 0.7265625 0.710528371583848 0.084375 0.12638393992586608
0 0.678125 0.42211814681159143 0.096875 0.14713294954451311
0 0.48984375 0.6319494706807233 0.0984375 0.15812501324684386
0 0.446875 0.7601364688666248 0.1078125 0.142827395460829