0 0.5265625 0.952818707405326 0.14375 0.05200776385373871
0 0.5078125 0.8091607526905964 0.1390625 0.0924144400324213
0 0.471875 0.6459908186540311 0.14375 0.08325776385373888
2 0.4609375 0.4183752409037721 0.1734375 0.09557798138875029
0 0.46796875 0.4891415051717957 0.1375 0.09234166542531544
0 0.21484375 0.4329622415229446 0.1609375 0.10437078453190338
0 0.50859375 0.32709311538704344 0.146875 0.10527831306795062
1 0.74921875 0.6916670758927413 0.1546875 0.09626718610347992
1 0.85625 0.4226195153059901 0.1875 0.10248295285270288
1 0.1921875 0.7051112233259795 0.1703125 0.09543243217453856
1 0.17734375 0.8417400820934852 0.16875 0.10785965756743252
2 0.70078125 0.932985588713023 0.1484375 0.07566358767505647
2 0.51484375 0.8885207669586201 0.1671875 0.08591188296032684
2 0.484375 0.7157211217971842 0.1640625 0.09826633374611511
2 0.47265625 0.5631419313504782 0.175 0.09721325599585598
2 0.75546875 0.576532227464318 0.140625 0.08154971463952716
2 0.6140625 0.43858707940739805 0.140625 0.09561221463952715
2 0.50078125 0.2407382384225727 0.128125 0.09346751778268034