0 0.21642325082856956 0.2975396530048249 0.1797432737785364 0.30601599512873606
0 0.06950551716350777 0.3799408701303837 0.13901103432701553 0.2932432597392326
1 0.38343096836358076 0.2649611578760888 0.19682376592065348 0.33753873051823946
1 0.268039138960692 0.5971754143689105 0.1911174214211715 0.31558190990138846
1 0.04141248056468985 0.46842667167251123 0.07387845574818702 0.07778980925276535
1 0.25903447415454905 0.4888271262194637 0.06094180810555194 0.06819662094116268
1 0.23225784264196436 0.7117697483784422 0.038193512820281585 0.04906479139585791
1 0.39713821153915524 0.13826229018133712 0.07940070967712849 0.062273903408566686
1 0.10554763937497673 0.7506703814944695 0.03314213978475231 0.04117047077900686
1 0.16088172622146366 0.30007036363756195 0.05404545285270288 0.18829093262955982
1 0.16669065467645766 0.661393647322782 0.044088255995856016 0.17562729139585792
1 0.3657083132773476 0.3940719594182164 0.05694351282028158 0.04939207386326192
1 0.28532933871302296 0.6952310848236058 0.03499573821317572 0.047447744317957154
1 0.27476228970369904 0.30198564529418714 0.06135283870851378 0.24462275324641086
1 0.2198307330458892 0.42550101177112276 0.04237159057054054 0.038209112012708955
1 0.44809278184581613 0.2677355560096497 0.06469616252983137 0.24936480032431155
1 0.2191414125343405 0.6917027102289952 0.032161836641599176 0.053643197240056395
1 0.20484993424596226 0.5795436294658745 0.052846825888232196 0.19607615909060955
1 0.10101215074751627 0.6469277727281714 0.09121581306795061 0.14834777110331848
1 0.24940895533841143 0.7122509894499884 0.030162688998963995 0.044240923701106105