2 0.44296875 0.653125 0.22421875 0.12890625
2 0.26484375 0.34375 0.1359375 0.04375
2 0.15 0.3484375 0.090625 0.040625
2 0.24140625 0.25859375 0.09609375 0.03984375
2 0.35546875 0.228125 0.0984375 0.0328125
2 0.08515625 0.634375 0.1703125 0.075
0 0.671875 0.44609375 0.27421875 0.1390625
0 0.22265625 0.45625 0.15546875 0.06484375
0 0.075 0.51171875 0.14921875 0.07578125
0 0.47421875 0.3640625 0.20234375 0.0859375
0 0.44140625 0.29453125 0.17109375 0.065625
0 0.7328125 0.234375 0.2390625 0.10234375
1 0.55703125 0.171875 0.215625 0.09375
1 0.3359375 0.51953125 0.21953125 0.10859375
1 0.0875 0.31796875 0.12265625 0.05234375
1 0.1203125 0.41796875 0.15390625 0.0609375