1 0.8235531561107223 0.7871973110856241 0.17594652402927125 0.22168157095872498
1 0.6705736067790857 0.805044553914048 0.17113175469445316 0.2105803798517325
1 0.7825350680696787 0.48616308994156465 0.1664624360279987 0.21197918874473984
1 0.621932280712907 0.3190450557281465 0.17109539202736243 0.2074553798517324
0 0.484923176718634 0.3660341615332618 0.15839539735836256 0.18983137023308555
0 0.7422533240372255 0.24841011879750519 0.1631010786919079 0.19155756134007812
2 0.5208317626909534 0.16079110082615586 0.13152381468808994 0.162341287293461
2 0.6254225494111783 0.5518302738769811 0.13007040268936265 0.17166172359113024
2 0.5324179840865415 0.6191665960168324 0.13161472135581712 0.17015378729346117
2 0.3247247574394951 0.771009382129167 0.15051017202418074 0.1833085517214313
2 0.2732049740610881 0.44064232505025824 0.15557948002863506 0.21628474282842375
2 0.41742933076063204 0.6778918099893158 0.1347033586887262 0.16713791469812272
2 0.41293109273549683 0.4928174055428121 0.14257040268936266 0.1720982332097769