2 0.5987043780404164 0.2730076586837111 0.06591724715020834 0.08155152837152997
2 0.5239076658438193 0.09874109606815647 0.056796820288472286 0.09221624373179385
2 0.5030516116072569 0.02980820579335247 0.05952177678548622 0.05961641158670494
2 0.4513539865135413 0.43187785649299765 0.08401393692972228 0.1211141335443795
2 0.715122279732187 0.604549512207208 0.06962412860909736 0.1066424565847754
2 0.7274904206903813 0.8446516749810471 0.07794577488562524 0.12874477711788862
0 0.6112063376715623 0.17193089199066364 0.07405705547083344 0.09584134890464333
2 0.6577183149701387 0.15262095084529453 0.05570709897381967 0.11248327962517117
0 0.43004660343913176 0.20686949630558332 0.07892639342673621 0.10379024122451135
0 0.4175939695117009 0.5741706565721401 0.10309124525034737 0.13572220282385156
0 0.6040360433155548 0.7818825535108616 0.09066398043270851 0.13848348997087
0 0.7105646791428468 0.46493308274032136 0.05512521751493047 0.08748327962517113
0 0.7361673572388538 0.3041403352476038 0.051854747150208345 0.08114235141192579
1 0.5332228887739927 0.36938020500192964 0.08521276101791671 0.10553459765100212
1 0.48273649876572905 0.15693168078703484 0.0711502610179167 0.10512542069139799
1 0.5897969310427079 0.5215360868969564 0.07445709897381966 0.11302884890464338
1 0.3818162044097216 0.7696111887045938 0.10963218597979178 0.14840405925034225
2 0.7341853235195136 0.3892965852476038 0.06304682028847228 0.09239810015828462