0 0.203125 0.4265625 0.10625 0.0703125
0 0.50234375 0.35859375 0.10234375 0.0671875
0 0.58046875 0.4578125 0.11953125 0.065625
0 0.43203125 0.50859375 0.12578125 0.075
0 0.4765625 0.6421875 0.11796875 0.0984375
0 0.63984375 0.521875 0.103125 0.08046875
2 0.3015625 0.640625 0.109375 0.084375
2 0.27578125 0.4859375 0.109375 0.07578125
2 0.34453125 0.3515625 0.103125 0.07578125
2 0.78046875 0.5203125 0.09140625 0.06875
2 0.65390625 0.62734375 0.125 0.0671875
2 0.68125 0.7015625 0.11484375 0.07890625
2 0.35234375 0.5625 0.1015625 0.0734375
2 0.45625 0.440625 0.08984375 0.0703125