0 0.6724465361878823 0.39648731658711645 0.11617312670923621 0.1630522717116218
0 0.5455275455902784 0.7566885701017732 0.08891964247680573 0.13212760339082213
0 0.3708268719595836 0.2736685165443352 0.09229921561506949 0.14321065260503385
0 0.47495459355857683 0.4463546916895604 0.09531511284152785 0.13866870181924557
0 0.44403516793111164 0.6300233703494421 0.08296058320625015 0.14433650496239867
0 0.3808617142838894 0.5703979673301236 0.08263327488562515 0.13027400496239885
2 0.27235431078916694 0.34395109139911006 0.0683525693385418 0.12024403349844608
2 0.3180317931217365 0.42472590240014607 0.07354921561506948 0.1423373573197635
2 0.3282653507767714 0.6627888285788285 0.0630104526972918 0.09190070967712849
2 0.47286215064493076 0.2892506670824545 0.08296058320625015 0.14433650496239867
2 0.44482480357097237 0.1263161734925953 0.08942878875333342 0.15400260339082217
2 0.5800583612260073 0.3585571311028091 0.09426175911805572 0.1604709272121397
2 0.650504026688577 0.6634222595150219 0.10171058320625015 0.14520980024766902
2 0.5132748239912852 0.5806547630296786 0.0839412017473613 0.11940927956950453