0 0.8862894707757114 0.5635994544287433 0.13266822402541792 0.08889444198043535
1 0.9273076734375 0.53735453125 0.9073039921875001 0.52978086875 0.8808187171874999 0.5302888140625 0.8704102296875 0.53450168125 0.85531643125 0.544132340625 0.8474277515624999 0.5573612875 0.8482810093750001 0.5698690234375 0.8558204500000001 0.58266369375 0.8704901546875 0.5915159531249999 0.8910676437499999 0.5956881046875 0.92429398125 0.5887542296875 0.9362392843749999 0.5802218625 0.9424614124999999 0.5704845765625 0.9389586156249999 0.5481329203125 0.9273076734375 0.53735453125
2 0.8193144305976696 0.48243348343852566 0.12049550649282174 0.10691639988706036
2 0.5416473522701809 0.40304430212260833 0.13288641233702042 0.10139444198043535
2 0.49274797645775437 0.5078991311182732 0.09977390340856669 0.08229583148532651
2 0.5589457207757116 0.5445338521084908 0.08861821509696384 0.06915879465362344
2 0.37362760389173866 0.658613220707869 0.09980117694751697 0.08385833148532633
2 0.20167296306507376 0.46519090244730926 0.10292617694751698 0.08404034200867017
0 0.6794530896882792 0.5179930098880592 0.11707049756436802 0.08954688936371688
2 0.6604633563273706 0.5925911914863251 0.11219208279171564 0.07833637357870131
2 0.8024793068138381 0.6804691650367916 0.12940685633066593 0.08089993145709151
1 0.47697910592362885 0.27518534165573433 0.1471398271096728 0.11315098933548198
1 0.2714342637964224 0.34828339448421436 0.13296823295387145 0.10608194198043534
1 0.38438427718910295 0.38061702332458747 0.1174523271096728 0.1114218893637168
1 0.7907821018631438 0.5915963808359246 0.12213982710967279 0.11169490514873245
0 0.5728912183400795 0.6280743942018657 0.1074227621748646 0.07337585779368574
0 0.6427048863591429 0.6930161257154269 0.10111821509696384 0.06988683674699843
0 0.4460559829505761 0.6050779680064459 0.09821140340856668 0.08220482622365459
0 0.2875616444768176 0.5568239365775891 0.09503185633066594 0.07889781570031093
1 0.6880547479681098 0.42952204408892614 0.14078073295387145 0.10653696828879458