1 0.30234375 0.5390625 0.08828125 0.0546875
1 0.31640625 0.6703125 0.09609375 0.071875
1 0.515625 0.65234375 0.0875 0.0671875
1 0.5953125 0.72578125 0.09765625 0.075
1 0.50859375 0.796875 0.10625 0.07734375
2 0.64296875 0.61484375 0.071875 0.06015625
0 0.34609375 0.46015625 0.0765625 0.053125
0 0.51484375 0.52421875 0.07734375 0.0515625
2 0.5703125 0.4796875 0.071875 0.04609375
2 0.19921875 0.62578125 0.08125 0.05546875
0 0.24140625 0.57578125 0.08828125 0.05546875
0 0.34140625 0.58515625 0.08046875 0.05390625
0 0.5734375 0.615625 0.0765625 0.053125
2 0.43515625 0.6859375 0.0796875 0.05625
2 0.51953125 0.58125 0.0703125 0.04921875
2 0.45703125 0.565625 0.06875 0.04609375
2 0.3625 0.50625 0.06796875 0.04609375
0 0.4296875 0.51796875 0.07109375 0.0453125
2 0.265625 0.49609375 0.0703125 0.0421875