1 0.2366360377546735 0.9280317232778227 0.15398858411256366 0.14393655344435458
1 0.48342415846257003 0.7904972486798518 0.10407039734428025 0.165500631037097
1 0.41299802897407484 0.7689201138818311 0.10574198165323559 0.18429609514371972
1 0.30321694535249044 0.2931495725781775 0.1544521924256242 0.2325804824490228
1 0.3754242643397436 0.48662443942950945 0.12925220452587255 0.19747805674305993
1 0.5028624213483853 0.23803147822588064 0.11363629488495217 0.19858591567683304
2 0.5296572463857627 0.41300038598515487 0.08672836123992678 0.13843802586424747
2 0.49940264070498086 0.5831848538527012 0.08991699375348397 0.14946645407749273
2 0.4507146349494443 0.4044544486007095 0.10268970452587248 0.1967051669304743
2 0.4165749425238201 0.1753747023616332 0.11215560811666876 0.21260295157021036
2 0.1500975322937245 0.558179876022532 0.17159424063022613 0.22526808762187223
2 0.1429946011827818 0.8141798234361073 0.15908515027114647 0.22334187476889084
0 0.39851841421810663 0.9589073017284949 0.0989738311856975 0.08218539654301012
0 0.34273150165031996 0.9090389970304991 0.11345448770335986 0.16733591567683276
0 0.3128207669720222 0.7355416610579795 0.13079652380771342 0.19439852084968265
0 0.26888389373004296 0.5678851481258558 0.14339651775758916 0.21194973370266404