2 0.32734375 0.38828125 0.0671875 0.05078125
2 0.1515625 0.4359375 0.08046875 0.0390625
2 0.06328125 0.44375 0.090625 0.04453125
2 0.45078125 0.54453125 0.10390625 0.06171875
2 0.65859375 0.321875 0.090625 0.05078125
2 0.88515625 0.340625 0.1109375 0.0546875
0 0.2359375 0.3640625 0.08125 0.05546875
2 0.2265625 0.31796875 0.1 0.0359375
0 0.23671875 0.53671875 0.08671875 0.05859375
0 0.578125 0.59375 0.115625 0.0765625
0 0.80390625 0.44765625 0.11953125 0.0640625
0 0.52734375 0.30859375 0.0765625 0.0375
0 0.38203125 0.26484375 0.071875 0.0375
1 0.40625 0.4609375 0.08828125 0.06484375
1 0.2 0.48125 0.08984375 0.0515625
1 0.55859375 0.42734375 0.096875 0.053125
1 0.75390625 0.6515625 0.125 0.08046875
2 0.46015625 0.27734375 0.0796875 0.0453125