2 0.33997139853400743 0.7291513064100963 0.06386367694751698 0.07921594155801373
2 0.4113493409027999 0.925650205354436 0.0516636858759707 0.0961852532464107
2 0.4249675559997638 0.9861398717519414 0.05372501785690744 0.0277202564961172
2 0.5045133652558245 0.5805070750777827 0.08025233603812651 0.12323867694751697
2 0.23275359334172716 0.3586421631477993 0.06747960064862309 0.1073954886359143
2 0.23136482264544594 0.10010296022569998 0.07416597727182861 0.13250458279171565
0 0.3222811124131554 0.834279137173217 0.07044095941492108 0.09807503571381489
2 0.2709777110331836 0.8482228603878557 0.050483015421275465 0.11803297970746059
0 0.5165805373320774 0.8243934427725342 0.07367505357072232 0.10437958279171582
0 0.5472348790555421 0.43286050770734247 0.09927507142762995 0.13919095941492116
0 0.3593864569792891 0.1859058668806775 0.08367734496658023 0.1404807240254177
0 0.22988946631148463 0.5077654557614731 0.051581865259119744 0.09149775324641088
0 0.19533500851812136 0.675860890826665 0.0499102711033184 0.08522047970746058
1 0.4141025994275118 0.6359428230491877 0.0815148271096728 0.10607845048646744
1 0.45721521996163733 0.8686559115229462 0.06745232710967279 0.10583298863591431
1 0.3619110336819248 0.464771206572252 0.06915119480442442 0.11367276217486459
1 0.595251818991998 0.23063553449270371 0.10259098620028233 0.15018300649282174
2 0.20156564325900161 0.5853722585214166 0.05944891233702041 0.09475912094116268