0 0.7703125 0.50546875 0.1671875 0.08046875
0 0.64140625 0.44375 0.13671875 0.06796875
0 0.56875 0.51640625 0.14453125 0.07109375
0 0.5296875 0.628125 0.1671875 0.1
0 0.43125 0.49609375 0.12890625 0.071875
0 0.32265625 0.4859375 0.125 0.0671875
2 0.325 0.6734375 0.15078125 0.0921875
2 0.2375 0.5703125 0.11640625 0.065625
2 0.18984375 0.5234375 0.1234375 0.06171875
2 0.55546875 0.4125 0.11796875 0.05859375
2 0.70625 0.35703125 0.12734375 0.0640625
2 0.6578125 0.3171875 0.128125 0.06015625
2 0.5140625 0.37890625 0.1078125 0.05
2 0.3875 0.3859375 0.09765625 0.05
1 0.81875 0.39140625 0.18046875 0.06953125
1 0.39765625 0.5765625 0.1625 0.07890625
1 0.30546875 0.440625 0.13125 0.04765625
1 0.5234375 0.3375 0.14765625 0.0421875
1 0.43671875 0.42734375 0.121875 0.05078125