1 0.46942754539378184 0.6919177717646099 0.07000627461060631 0.09726588544042354
1 0.3372682632613281 0.6614313619272978 0.08907452335696497 0.10831246974937905
1 0.3743721435070023 0.45961887705260834 0.08255173871722894 0.0989011083130606
1 0.30608749326957546 0.3685944221339522 0.0922449874635877 0.10989315046753818
1 0.22481241270733215 0.4487682563447118 0.09720527210332382 0.11929542154477701
2 0.4253997829238765 0.3335194644848217 0.07428459765100222 0.08323065651766245
0 0.55588187094146 0.6554712116561513 0.06651756175762494 0.08474770472226431
0 0.5053182666265404 0.47526608206946025 0.06504598997087019 0.0878636143631848
2 0.5577469331613033 0.4241712146812134 0.05856866943775678 0.08001475292686636
2 0.37061562384445396 0.7870398951047851 0.06826191818411545 0.09100679508134402
0 0.42657846733882093 0.7499893469983789 0.07000627461060631 0.09726588544042354
0 0.42668010424841263 0.6460649162802199 0.06821645407749291 0.08944429508134384
0 0.41807066772189716 0.40388650663929937 0.06651756175762476 0.08474770472226431
2 0.3321140988381363 0.5380029522863774 0.06973348997087019 0.08789088544042353
2 0.4479460358268703 0.4638791301758663 0.06008570533113407 0.07846134328594587
2 0.4568867783050229 0.529463223560008 0.056915241224511345 0.07688066256778665
2 0.5099328734487425 0.6338598320694603 0.05686977711788863 0.07531816256778648
0 0.5047619886507219 0.5635655127876195 0.058523205331134066 0.07845225292686635
2 0.5105215583259055 0.7346547176080797 0.05379024122451135 0.07686248184962743