2 0.50859375 0.57734375 0.125 0.059375
2 0.15546875 0.521875 0.13515625 0.059375
2 0.35390625 0.47578125 0.11875 0.04453125
2 0.46015625 0.43671875 0.11015625 0.040625
2 0.6703125 0.465625 0.10234375 0.0453125
2 0.53359375 0.415625 0.10234375 0.0390625
2 0.61796875 0.3265625 0.0875 0.03203125
2 0.32578125 0.3328125 0.09765625 0.040625
0 0.18203125 0.434375 0.1390625 0.053125
0 0.32109375 0.42109375 0.12109375 0.0453125
0 0.3953125 0.37265625 0.09765625 0.04140625
0 0.48671875 0.33359375 0.09453125 0.03828125
0 0.475 0.49296875 0.11953125 0.05859375
1 0.8546875 0.46171875 0.15546875 0.05859375
1 0.61796875 0.51953125 0.12578125 0.0640625
1 0.30078125 0.5375 0.1515625 0.06953125
1 0.71484375 0.40546875 0.11015625 0.04375
1 0.7640625 0.37734375 0.10546875 0.0453125
0 0.3484375 0.60625 0.15390625 0.06796875