0 0.5625 0.225 0.10859375 0.04765625
0 0.828125 0.28828125 0.134375 0.0609375
0 0.765625 0.4984375 0.13359375 0.071875
0 0.1296875 0.525 0.121875 0.06875
0 0.3703125 0.5890625 0.12734375 0.075
0 0.28046875 0.403125 0.10703125 0.0515625
1 0.88828125 0.2046875 0.13203125 0.065625
1 0.52265625 0.3421875 0.12734375 0.05390625
1 0.58359375 0.425 0.14140625 0.06484375
1 0.63828125 0.54453125 0.14921875 0.07578125
1 0.85625 0.0359375 0.08828125 0.046875
1 0.7671875 0.01484375 0.0953125 0.0296875
1 0.9609375 0.021875 0.078125 0.03359375
2 0.37109375 0.22109375 0.07734375 0.03984375
2 0.325 0.325 0.096875 0.0453125
2 0.75 0.36640625 0.11328125 0.05546875
2 0.43203125 0.50703125 0.1 0.05703125
2 0.1953125 0.46015625 0.09375 0.0546875
2 0.24609375 0.62421875 0.10234375 0.053125
2 0.540625 0.621875 0.11875 0.0609375
2 0.5578125 0.69921875 0.13125 0.06953125