1 0.4165415636245 0.22828157851800027 0.13662836729005096 0.12428902866891205
1 0.29950353366846655 0.34161851973448243 0.14286018657189176 0.12141869665368965
1 0.6084871273471959 0.5305431209898958 0.11306360226293641 0.1014590237259961
1 0.4278724107210749 0.6972398255522508 0.11301815046753809 0.09364652372599629
0 0.10164222970832806 0.5191718112549758 0.11775110226293632 0.10165002471457943
0 0.19148091364794112 0.6506353754757012 0.11456246974937896 0.09058519072219048
0 0.2872797478587007 0.5631579387078431 0.12080337939029935 0.08927735870696818
0 0.4127524465308408 0.47681457901229185 0.11458065046753826 0.09371019072219049
0 0.5906234373574586 0.37896337494422844 0.11929542154477701 0.09858869171077381
2 0.13191047092772934 0.6866484713310879 0.09258747579950319 0.0725063527754692
2 0.3275502238545956 0.622440096806789 0.1004454275949013 0.08063718775644109
2 0.22617407621572774 0.5945472015594244 0.10198974687674207 0.07757585475263547
2 0.5042172629840111 0.5972769762368227 0.08790906615858277 0.07387785178688588
2 0.34376609719477075 0.520240926844845 0.10039088544042354 0.07126218775644091
2 0.4817660669441497 0.4287007311797386 0.10356133723582168 0.07920202174882984
2 0.6682808047457055 0.3219056086326061 0.11618860226293641 0.10158635771838495
2 0.8438529764868743 0.350680571560737 0.11460792154477702 0.09839769072219058
0 0.7889705546475095 0.2521594999256379 0.12093973477649378 0.11271485870696818