0 0.5140625 0.2524910582520452 0.178125 0.1400705375661606
0 0.13828125 0.4428029708367964 0.14375 0.10898236364988403
0 0.6859375 0.5603314386706622 0.15625 0.11417919961943923
0 0.484375 0.4732319811797387 0.1515625 0.11555069863085592
0 0.2890625 0.5335341057040376 0.15625 0.10324169961943923
0 0.36171875 0.5930735903809984 0.140625 0.10104252965749527
2 0.62265625 0.677753702016535 0.13125 0.08659802768032883
2 0.528125 0.6394180552862958 0.1546875 0.09224053262324468
2 0.2671875 0.6633316936507591 0.1 0.07751218775644109
2 0.65546875 0.4521979450964528 0.15625 0.10324169961943923
2 0.83671875 0.45887507353790336 0.1671875 0.10993736859279987
2 0.56640625 0.3472332138795331 0.175 0.11650570357377185
2 0.22578125 0.31423761904991043 0.159375 0.12524403361182798
2 0.3328125 0.4505014298105946 0.13125 0.10066052768032882