0 0.40198797767227507 0.9352569980600147 0.1453864123370204 0.0996073636498842
0 0.4415844914719928 0.7885385069572634 0.1391364123370204 0.09935269566510634
0 0.4991770288106608 0.6441146863107473 0.1405625446422686 0.0916038626613009
2 0.5431922613607905 0.4374627796946763 0.17044095941492116 0.10375103558899426
0 0.5271229764577544 0.500824942736538 0.1376011858759707 0.10085152866891214
0 0.7705047836819248 0.4896632441428631 0.16122960064862307 0.11274403361182798
0 0.5119365328711459 0.34640935676698287 0.1471398271096728 0.11060853064607841
1 0.23449692004436287 0.642698130455798 0.15325345941492108 0.10305069863085592
1 0.1744734890396561 0.37950045209089706 0.18310460064862313 0.11363537155854946
1 0.7507316205308301 0.74336390570185 0.16731595941492117 0.1036237015966055
1 0.745141913955283 0.8703893207208779 0.16906937418757337 0.11462486859280005
2 0.24397488027006284 0.8726084649424785 0.14670345048646735 0.0856085306460784
2 0.4241027110331836 0.8604307530029306 0.16249209172016937 0.09562020060802254
2 0.4776117203686744 0.7056915148659286 0.16109323295387146 0.10493153361182798
2 0.5103542621715693 0.5688427722803024 0.17049550649282175 0.10687603558899425
2 0.2451150458567894 0.535394966425353 0.13738299756436803 0.08835152866891213
2 0.3978797613607904 0.4315417490485979 0.14075345941492118 0.1025413626613009
2 0.5316666059236288 0.2691438612156071 0.12819891233702024 0.0989070266917457