0 0.49893529730268327 0.2082663015517953 0.09909312269254436 0.194007949544513
0 0.42306204595004776 0.3530455774125109 0.0830681333545444 0.15908731252120445
0 0.5002143446053664 0.43391114229596817 0.08784654002227174 0.16706350362819702
0 0.6230973139322303 0.47725685981183047 0.12096812269254435 0.1947718413771451
0 0.47108882391791285 0.5879910070867581 0.08764654535327185 0.1498760036281972
0 0.4548360205681409 0.7096031122589013 0.08136018268618095 0.14653274881887376
2 0.6641564765675045 0.7069790761465666 0.11137494668999892 0.17569445916315996
2 0.5435343465547778 0.804903199374877 0.07968859468490823 0.13710318511654265
2 0.48825595321455084 0.8575941789564571 0.07505563868554468 0.14162699400955034
2 0.38447116593732106 0.44810510626845146 0.07185791335136286 0.13526786660488846
2 0.3294216812937745 0.27978418140352773 0.07827154535327185 0.14954862141421188
2 0.2827188566200022 0.333737560622288 0.07356586401972631 0.1478224303072194
2 0.34488140726450317 0.49478169882672296 0.06237382535009015 0.12556548439090348
2 0.345561565245095 0.6376686032732266 0.06066587468172653 0.11301092068857255
1 0.3746170973106374 0.15403764773826373 0.08675675469445325 0.2076339399258662
1 0.5596786092457313 0.6255058760538994 0.09589539735836254 0.1876488221398514
1 0.40229227589914107 0.728618496286985 0.059539726686817215 0.1504563569862416
1 0.2989331079328667 0.48389132804548307 0.055070402689362655 0.16904266587924913
1 0.3946263212524128 0.5820708785009701 0.0625556386855445 0.14119048439090331