1 0.6796875 0.33203125 0.103125 0.06015625
1 0.4671875 0.2734375 0.0828125 0.06015625
1 0.49765625 0.34375 0.09140625 0.065625
1 0.565625 0.534375 0.121875 0.078125
1 0.25390625 0.41484375 0.1296875 0.07734375
0 0.38046875 0.55703125 0.1140625 0.08125
0 0.47109375 0.46640625 0.096875 0.06640625
0 0.3578125 0.46875 0.10078125 0.07109375
0 0.19921875 0.49921875 0.12578125 0.08125
0 0.3875 0.3203125 0.1 0.0625
0 0.38515625 0.38515625 0.109375 0.0515625
2 0.70390625 0.39765625 0.09765625 0.06171875
2 0.63984375 0.45625 0.1015625 0.06328125
2 0.5765625 0.28125 0.08359375 0.05234375
2 0.5890625 0.35546875 0.078125 0.05078125
2 0.5296875 0.40546875 0.08359375 0.059375
2 0.31328125 0.275 0.075 0.0515625
2 0.25078125 0.328125 0.090625 0.06328125
2 0.12421875 0.42890625 0.103125 0.065625