1 0.49054810965837026 0.2907496057783997 0.08895902372599629 0.11593801779449713
1 0.6390320306088974 0.2764536369187697 0.10984452669174569 0.13082818874502422
1 0.6650520666550023 0.5021048943331434 0.10158635771838505 0.11957235376405233
1 0.7646263023205462 0.5742438325838761 0.11459569368794006 0.13258168973360734
1 0.824774576540834 0.4616602609487771 0.11966519566510633 0.1421476907221905
2 0.6518769515222435 0.6525996428502687 0.08982118676785796 0.09881418479069168
0 0.41346434482962263 0.3580379234591661 0.08219968775644108 0.10318334980971962
0 0.5222451427387256 0.5307180311775511 0.08219968775644108 0.10318334980971962
2 0.4856590439175891 0.6027866907593717 0.0756313527754692 0.09511618182494211
2 0.5625252218253796 0.15673670311666132 0.08707818874502422 0.10806185079830274
0 0.5170734589737982 0.21592336072131552 0.08895902372599629 0.11593801779449713
0 0.5502441032325797 0.3237013686299809 0.08545202174882985 0.10643568380210837
0 0.6378409678338658 0.5745555558921304 0.08219968775644108 0.10318334980971962
2 0.6838750039171517 0.40505348079699016 0.08701452174882984 0.10649935079830275
2 0.5867214782139891 0.5231721280215211 0.07713018577927463 0.0936173488211363
2 0.5549568250579592 0.4577089541052445 0.07394151878308027 0.09192751482874754
2 0.4679290103429423 0.3657350183259698 0.07394151878308045 0.09192751482874764
0 0.4963139955141946 0.43732085824985756 0.07400518577927465 0.09349001482874755
2 0.4346628655898693 0.2603007604173044 0.06925401878308043 0.09173651384016442