2 0.15193308226178534 0.7168415454741274 0.06465330517696728 0.0909704336450254
2 0.2598967716819719 0.659982491415793 0.07228379465362353 0.08789088544042371
1 0.30260718742463516 0.6105319372592628 0.07035727360693614 0.08163179508134402
2 0.25744587684482173 0.5545637383907309 0.0675052893919517 0.0863011143631848
2 0.32614891616618624 0.39406205474570544 0.0733912683452643 0.08008747579950315
2 0.35764329791974403 0.5774103650505558 0.07090330517696727 0.09100679508134384
2 0.4763393609892191 0.4837825640172834 0.08818181043863901 0.09266928903121965
2 0.6337940871705213 0.34150818472517996 0.08643729991529536 0.08953519867214013
2 0.659839189631948 0.1625110311343838 0.09699536831702957 0.10990224082661779
1 0.4161816529414195 0.32324958499632644 0.09525085779368574 0.10676815046753826
1 0.2120185267318823 0.43611826541989807 0.08046031570031094 0.09418633723582168
1 0.5100486901260582 0.6827376936039746 0.11031441567207612 0.12403746369925486
1 0.6494898927004245 0.6217905823640478 0.11416745776545092 0.1365556444174139
1 0.7374188870858168 0.25187299210316405 0.11500191567207593 0.1240647347764936
1 0.5563901530120067 0.3966274767814618 0.09837585779368574 0.1067863311856975
1 0.4173592031390635 0.5309848169441497 0.07631884727034208 0.10353406615858277
1 0.29398480339317734 0.7987995517206434 0.08202281570031093 0.09419542759490121
1 0.19675973485026899 0.6712836057789777 0.076318847270342 0.10353406615858277