2 0.56796875 0.3784276557972661 0.09375 0.0798363221398514
2 0.5390625 0.4453869773041452 0.09375 0.07514882213985138
2 0.45859375 0.46757694663410626 0.0984375 0.07687501324684405
2 0.328125 0.4552083774894797 0.103125 0.08172620435383635
2 0.49921875 0.5432143528947084 0.1125 0.08830358656782167
2 0.8578125 0.5330804725796399 0.1078125 0.089702395460829
2 0.5359375 0.7124653498994835 0.1125 0.10080358656782167
2 0.7375 0.760910317500164 0.128125 0.10134922359113023
1 0.19921875 0.535081872047184 0.1234375 0.09806053248413775
1 0.3203125 0.6252480589778255 0.14375 0.1284573606144388
1 0.440625 0.7380432140573013 0.1421875 0.12527779691210802
1 0.56875 0.6057986876484315 0.1359375 0.11568454210278442
1 0.728125 0.5129266852861788 0.1296875 0.10140378729346118
0 0.80703125 0.6109946522538869 0.125 0.09967759618646851
0 0.646875 0.4335268727649743 0.1 0.08317957694917481
0 0.3046875 0.3293899219545169 0.1125 0.08205358656782158
0 0.41953125 0.3873066040758348 0.1046875 0.08803076805616739
0 0.3578125 0.542963837833766 0.1203125 0.09795140507947586
0 0.7 0.6166320386442233 0.121875 0.09956846878180663