1 0.661456913561427 0.8786084578196108 0.1703239569792892 0.18747438296032684
1 0.5087682901846324 0.860740369315985 0.16607283360249453 0.21225605913900908
1 0.7376099050367151 0.5854534631962943 0.15987738068039511 0.21508996071058561
1 0.6477736578760889 0.36560118962264576 0.16914328652459396 0.20927660835322087
0 0.5002401388013653 0.36544713999414924 0.15319100405718977 0.18979886228216233
0 0.7887668506519183 0.3379577249831186 0.15946827759614024 0.1916524607105857
2 0.6120385296280302 0.1767955548002922 0.1277546274339844 0.1636344685684686
2 0.5617877447282895 0.5959843564957034 0.12482054220663663 0.17442641935425698
2 0.44798829748823304 0.630948015510878 0.12789099512873606 0.1714469685684687
2 0.19215530885231877 0.7084352764691327 0.14683190990138845 0.18325776385373888
2 0.27070264326559224 0.36755125723871035 0.14899442775829588 0.21770553846084476
2 0.3165473827155807 0.64799858250777 0.130934174511885 0.16690501778268024
2 0.38374633969486976 0.4653273236164298 0.13882849512873605 0.17195639081820957