2 0.3745486876484315 0.5666864884889268 0.11026786660488855 0.0709397347764936
1 0.33352687276497434 0.645066018543156 0.1160813569862416 0.058476096212812044
1 0.2834375927279075 0.6875535003927835 0.11457342068857254 0.060029505853732346
1 0.17147081686719176 0.6139710755283567 0.12734623920022684 0.06791472872636942
1 0.40816723029937013 0.5000711602300956 0.14982143992586625 0.08522949375348414
1 0.7434747585223385 0.41294684748935834 0.16889882213985138 0.09471357806243948
0 0.597872114960426 0.6740030430382404 0.10843254809323426 0.0631181444174139
2 0.7109921299365505 0.48971388056864973 0.13063493030721923 0.07262040944452863
0 0.7471950139646341 0.5418576426688981 0.13543155771188112 0.07577268052176755
0 0.6854514713136954 0.6086365973911625 0.11786211179556502 0.06473518657189174
0 0.8917609802993702 0.4972576940949539 0.13882937622353567 0.08360336123992677
0 0.5705308210435429 0.4952195128858154 0.14351687622353532 0.08363063231716553
0 0.6872495511732771 0.34685421487760515 0.17714783175849824 0.10725902985783761
2 0.5222718811176768 0.4111081332991242 0.1403918762235353 0.08361245159900647
2 0.9092262440943681 0.393228724247379 0.15618056733052796 0.08839085518980258
2 0.6053894598809502 0.5536223653451433 0.11651786660488846 0.07097609621281223
2 0.529382520588056 0.5923535881195845 0.10977679328391084 0.056877234776493604
2 0.7660938361044856 0.635516739078102 0.11457342068857254 0.060029505853732526
2 0.4591469208582085 0.7068478801758663 0.10347222958158006 0.05527837334017516