1 0.6949049185133199 0.707015010057145 0.1297904515702104 0.11167381908544911
1 0.7446966668639673 0.5652951426688981 0.13585859514371953 0.10546018052176756
1 0.39581288598515485 0.5251302475641131 0.10879598997087019 0.08811814441741408
1 0.47641671364440424 0.31446948263519425 0.1070516335443795 0.08185905405833438
0 0.8357833534569898 0.338945745226422 0.11192098997087001 0.0881363251355733
0 0.6991578801791671 0.26238376610726916 0.11008570533113407 0.0787522347764936
0 0.6562920817493775 0.3735894317001179 0.11472774122451135 0.07721700585373244
0 0.5879405500126353 0.4951013382177803 0.10709709765100221 0.08342155405833437
0 0.47904658630172403 0.6465416392510526 0.11339256175762476 0.08502041549465282
2 0.7350893685006847 0.20825934748935832 0.08780152837152996 0.06456246974937896
2 0.5959168714036785 0.3395598653451434 0.09575042069139794 0.06929542154477711
2 0.6946809803374517 0.3233576275435876 0.09414245658477541 0.0677238311856975
2 0.4554941113745487 0.4278916332009284 0.08315949247815269 0.06609769867214013
2 0.6275282357477281 0.43236044370217036 0.09552310015828454 0.06148292154477701
2 0.5492705065974105 0.5625251875538504 0.0988299565847754 0.06775110226293624
2 0.4375470595795467 0.724139919305282 0.10879598997087019 0.0881181444174139
2 0.2747348225116705 0.7680631570086417 0.10879598997087019 0.0881181444174139
0 0.3648346367765777 0.8300495517206434 0.11384720282385156 0.10064541549465282