0 0.16640625 0.46171875 0.11640625 0.06015625
1 0.1666666671875 0.49296875 0.1770833328125 0.48984375 0.1927083328125 0.48203125 0.20208333281250002 0.4703125 0.203125 0.45859375 0.1979166671875 0.44609375 0.1854166671875 0.43671875 0.1666666671875 0.43125 0.134375 0.43515625 0.121875 0.4421875 0.1145833328125 0.45078125 0.1145833328125 0.471875 0.12395833281249999 0.4828125 0.1416666671875 0.49140625 0.1666666671875 0.49296875
2 0.2171875 0.54296875 0.1015625 0.08046875
2 0.4671875 0.6375 0.115625 0.0734375
2 0.528125 0.54375 0.08515625 0.06015625
2 0.471875 0.5046875 0.07734375 0.05078125
2 0.66328125 0.41171875 0.08515625 0.0625
2 0.79609375 0.60625 0.08828125 0.06171875
0 0.35390625 0.51953125 0.1015625 0.06484375
2 0.38359375 0.4515625 0.0984375 0.0546875
2 0.2625 0.35859375 0.115625 0.05234375
1 0.509375 0.76171875 0.1265625 0.08125
1 0.71328125 0.71015625 0.1125 0.078125
1 0.61171875 0.67109375 0.0984375 0.08515625
1 0.2609375 0.44296875 0.10390625 0.0859375
0 0.47109375 0.425 0.0953125 0.05078125
0 0.4140625 0.36015625 0.0875 0.0484375
0 0.5859375 0.45625 0.084375 0.06015625
0 0.72890625 0.5140625 0.08125 0.059375
1 0.33359375 0.60078125 0.12265625 0.0765625