1 0.40546875 0.19765625 0.13203125 0.053125
1 0.19609375 0.2328125 0.17578125 0.0703125
1 0.40703125 0.2921875 0.14609375 0.065625
1 0.80859375 0.39375 0.1171875 0.06171875
1 0.5578125 0.4921875 0.1875 0.08671875
2 0.26171875 0.19375 0.1265625 0.0484375
2 0.56171875 0.24765625 0.10546875 0.04375
2 0.66171875 0.31328125 0.10234375 0.05234375
2 0.5515625 0.328125 0.1 0.05234375
2 0.3078125 0.434375 0.165625 0.08828125
2 0.6 0.61328125 0.15546875 0.1078125
2 0.14921875 0.3296875 0.165625 0.08203125
0 0.77890625 0.5875 0.16796875 0.09609375
0 0.31796875 0.33046875 0.1578125 0.06953125
0 0.4984375 0.390625 0.14609375 0.07421875
0 0.7 0.46015625 0.134375 0.06953125
0 0.69296875 0.3953125 0.11796875 0.0578125
0 0.8734375 0.5 0.13203125 0.06953125
2 0.45 0.25703125 0.103125 0.040625