0 0.2359413313971789 0.4770184557268455 0.1793067866804539 0.10674540815498564
0 0.37290498205758826 0.4349255471096415 0.1462942920114541 0.08860316191590947
0 0.43635041140195135 0.5179941113745488 0.15416133601209037 0.0935179824490227
0 0.464267420751087 0.6351732511871342 0.18108746268299925 0.12554087226160818
0 0.5777202987348605 0.5189836130239013 0.138518154678545 0.09150084138279588
0 0.6871316614019515 0.525291100487489 0.13535679201145392 0.08828491316955045
2 0.6643134214274047 0.7120636747815261 0.1653533746817267 0.11571123119538154
2 0.7632316320814508 0.6220046276053777 0.12592724801081764 0.08332462852981451
2 0.8166651674092691 0.5829481392838602 0.13214088534372692 0.08038148495630537
2 0.4617220340547248 0.4164232511871342 0.12585452267663583 0.0770746285298145
2 0.3163271707113161 0.33799907132453627 0.13530224801081764 0.08359741316955063
2 0.3698334313733163 0.3051925830030187 0.13681020401018137 0.07895537727617326
2 0.507479429384134 0.3888581923325033 0.11478975334181776 0.06581887978345576
2 0.633524308720543 0.4151743029156291 0.10541475334181775 0.06554609514371972
1 0.19938511871417963 0.35568301332783514 0.19169769867918124 0.09773412100796701
1 0.6021486814130872 0.6048218246232415 0.1730204240133631 0.10343855172849495
1 0.7100691747294517 0.48300431208682915 0.1382454346753633 0.06806334138279588
1 0.502301033378407 0.3465343000126353 0.15539657200827223 0.06543844655564542
1 0.5792549793920883 0.44952055918383527 0.12888861600890866 0.06935305674305994