1 0.91328125 0.77421875 0.17109375 0.11640625
1 0.784375 0.53125 0.1375 0.075
1 0.7578125 0.59140625 0.15546875 0.07421875
1 0.3234375 0.62734375 0.1921875 0.1125
1 0.50390625 0.58828125 0.1640625 0.09453125
1 0.29453125 0.4421875 0.16640625 0.0796875
2 0.45234375 0.43984375 0.115625 0.0625
2 0.60078125 0.48984375 0.125 0.06328125
2 0.43671875 0.509375 0.165625 0.06875
2 0.2296875 0.51015625 0.18125 0.07578125
2 0.54375 0.7984375 0.18125 0.12890625
2 0.77109375 0.8390625 0.1828125 0.11875
0 0.94765625 0.63203125 0.1046875 0.0765625
0 0.87578125 0.671875 0.13671875 0.0828125
0 0.71796875 0.6765625 0.16015625 0.0953125
0 0.5640625 0.69453125 0.17421875 0.10390625