1 0.49111782016560357 0.6155219153191402 0.1552147408266178 0.09963452090551303
2 0.4478672690341353 0.6614567706231643 0.11293633723582168 0.08155237884037306
2 0.43163321497580104 0.7652342180064459 0.10037270472226431 0.06988683674699843
2 0.35867295882748096 0.6789257207078689 0.09726588544042354 0.0728298262236546
2 0.26994225693388696 0.6167071707925735 0.09256929508134401 0.07099431043863902
0 0.16178029899016882 0.53616355510638 0.13792724687674202 0.08144596302712266
2 0.15207350088376276 0.592648773536349 0.09877384328594588 0.06354583148532651
2 0.14442514822804303 0.4296482445971538 0.10042724687674202 0.07926183674699842
2 0.6285092567374952 0.5078598757154269 0.16623405405833439 0.1143340577372161
2 0.6839047629840111 0.6580110651356137 0.14893746974937905 0.09458299985882554
1 0.23627175976255735 0.4936113050357929 0.12705337939029934 0.09174642619541977
1 0.7936428564663487 0.7363019360834789 0.18338519262201594 0.1090851156156063
1 0.6854394710259253 0.7972100730281213 0.14580337939029936 0.09283848933548189
1 0.6249105163036608 0.8577688704537552 0.14733860831306062 0.0882419945971538
0 0.2745883294371816 0.758431939208425 0.10346134328594588 0.0638188472703419
0 0.2687201245185255 0.6924429181617378 0.11290906615858276 0.07686487884037305
0 0.5379922992847564 0.7526725758001316 0.13016928903121966 0.09036593671876361
0 0.4049717627876195 0.5120336232963526 0.14109769867214011 0.0894404735504665
0 0.30307798556206056 0.42872902865684653 0.1286613311856975 0.09964993145709151