1 0.4774527780533323 0.7205168076674967 0.1575297909216582 0.21998955423577726
1 0.5638665155242786 0.3691385126029193 0.14639388347992952 0.25868834138279595
1 0.6214360011811264 0.07159488902116276 0.14150299763774718 0.14318977804232552
1 0.7170237757758977 0.22966317247376464 0.1250248257680484 0.1831427721033238
1 0.79708824329176 0.35064561071613987 0.120555580577372 0.18925637978345575
0 0.38303812305867446 0.5187844745979711 0.15278772721932726 0.21829066191590946
0 0.4638466681566838 0.4173152513201483 0.1618006286706061 0.2528929824490227
2 0.628633365254126 0.4812005919115213 0.12318950725639403 0.1752848079967011
2 0.6438614841364494 0.8943992738856904 0.09488096878180663 0.12451191818411544
2 0.637199800285851 0.7275754867386718 0.10049605172143146 0.1512108105039836
2 0.6813987227885219 0.6240496699664821 0.09800596878180663 0.12460284639736088
2 0.7512226386677711 0.5689469813283955 0.09337303248413775 0.12602895407749273
2 0.5641120853018773 0.11626356518934407 0.11748514427970277 0.19072795157021036
2 0.4058556411996598 0.09416086813822673 0.13025796279135698 0.18832173627645346
2 0.36268838440660184 0.7886339733443297 0.14900796279135697 0.19944973370266403
0 0.570116449290059 0.8606440510035791 0.11984625244707062 0.16894387978345585
0 0.7283406662577672 0.7772141223946224 0.10712799763774719 0.16233016693047428
0 0.7992062377646464 0.804029023489979 0.08923116950744614 0.1415175617576246
0 0.7125842685195035 0.4014927083671419 0.1137053798517325 0.17188702335696499