1 0.87734375 0.8856265921206159 0.1578125 0.15587962743398442
1 0.80390625 0.59528223578995 0.1671875 0.11073076866768652
1 0.7625 0.6578407370077659 0.1859375 0.11418305113509035
1 0.2703125 0.6125308222384088 0.2359375 0.16505580438150141
1 0.4796875 0.6036854764577544 0.2 0.1378660129856435
1 0.2703125 0.39924957223840885 0.2015625 0.12226828652459379
2 0.44765625 0.4281263689092724 0.140625 0.09464211850553053
2 0.6046875 0.5128986095737815 0.15 0.0963682597392328
2 0.41875 0.5034030584386912 0.196875 0.10968646590774292
2 0.1859375 0.46262055113509043 0.2171875 0.12097852191409722
2 0.48671875 0.8467769573830308 0.2265625 0.1805171631477993
2 0.734375 0.9257399342511177 0.225 0.14852013149776475
0 0.93984375 0.7359362836786294 0.075 0.0981841298696164
0 0.88046875 0.7708373891985166 0.16875 0.12013304220663663
0 0.70390625 0.7443179792971282 0.1953125 0.13778419236879244
0 0.52734375 0.7342048193957398 0.2125 0.15214670129724617