2 0.4399899191557637 0.6586430347310425 0.09430992198083885 0.07136701734563573
2 0.4531317282917323 0.5868771227323151 0.09406426051544958 0.06667951734563574
2 0.5266411493680601 0.5416106234086329 0.09883364767057934 0.06829656134627218
2 0.6538963681603955 0.5149492207590411 0.1022043091359686 0.07302042401336309
2 0.46963755484055547 0.4807543920671333 0.11182497060135788 0.07781701201463562
2 0.12661349389556453 0.5971488146880899 0.10730124491161734 0.08088746801399935
2 0.39628966531057647 0.32902771272277015 0.11256195499752568 0.0918795120146357
2 0.19156454375927895 0.3422800486950896 0.12810506784239584 0.09049882535009016
1 0.7599560176399971 0.40048782610594963 0.12481629353213623 0.08733746268299925
1 0.6235139066041493 0.34886968742040503 0.1435596494796016 0.11722495735199914
1 0.4818863285849881 0.27686632340067874 0.1401889880142125 0.11250109468490824
1 0.3888722337187992 0.4407282813892247 0.13665455223856365 0.10465223201781733
1 0.25510366406738105 0.5767555933720436 0.12810506784239584 0.09049882535009016
0 0.15792544889309015 0.5068328973583625 0.12489818068726613 0.08889996268299924
0 0.3524013879480992 0.6294816987189521 0.10080558344622811 0.07612724267981755
0 0.7050317429910533 0.62811283943345 0.11314180913596861 0.07314769334818116
0 0.5818365824301752 0.6071361734165871 0.10409435775648745 0.07928860534690844
0 0.6063053951841886 0.4385679867520415 0.12169129353213641 0.08730110001590834
0 0.2598907406162042 0.470496502705271 0.12185506784239583 0.09042610001590852