1 0.429263469499597 0.5600029411106942 0.15332838584218217 0.09880378875333343
2 0.5719941173226787 0.5050764389264926 0.1341418762235353 0.08586737765916688
0 0.775409294001701 0.4862679682774299 0.1703521947351895 0.09451633225631965
0 0.8747446390070431 0.6888097803977771 0.09700397477225664 0.05065592306201392
1 0.9878125463639538 0.6882986744901034 0.02437490727209237 0.04473192496187508
0 0.9750769333872622 0.7144072328107283 0.0498461332254756 0.034376306420763926
0 0.7657342267559911 0.7241861955760063 0.08088790145127885 0.036229747150208345
2 0.8870338186812903 0.6377012220771521 0.08428571996293321 0.0441149823325695
2 0.9600348090626435 0.6234919452916658 0.0700049651536098 0.03753767401194459
2 0.744764473127794 0.6386669228745827 0.07943452885594056 0.03931837955902786
2 0.8634227038905002 0.6108848021492701 0.09004464664195524 0.030197952697291797