0 0.65703125 0.27109375 0.28203125 0.1515625
0 0.58046875 0.1234375 0.2703125 0.14140625
1 0.68828125 0.42578125 0.3125 0.16484375
1 0.37421875 0.33671875 0.290625 0.1625
1 0.4953125 0.11484375 0.06953125 0.0640625
1 0.4765625 0.321875 0.06171875 0.053125
1 0.2671875 0.3109375 0.0453125 0.0328125
1 0.80703125 0.43125 0.05625 0.0703125
1 0.23046875 0.19296875 0.0375 0.0296875
1 0.6546875 0.21796875 0.17578125 0.03984375
1 0.3140625 0.2453125 0.16484375 0.03046875
1 0.565625 0.4171875 0.04453125 0.05
1 0.28203125 0.359375 0.04375 0.02890625
1 0.65234375 0.32578125 0.2296875 0.0421875
1 0.5359375 0.28125 0.034375 0.0375
1 0.68515625 0.48671875 0.2328125 0.04609375
1 0.28515625 0.296875 0.05 0.02578125
1 0.39140625 0.2765625 0.18359375 0.0390625
1 0.328125 0.18203125 0.13671875 0.07734375
1 0.26640625 0.3265625 0.03984375 0.0265625