0 0.4390094287419707 0.7643451759612321 0.1157446719450391 0.061795650270152436
0 0.16365172756747182 0.7325967012737935 0.14436977711788873 0.07996529691210803
0 0.2153292024946472 0.5122643539061988 0.14620506175762477 0.0893948606144388
0 0.8630740321989606 0.40613579484355533 0.1336141335443795 0.08583335099579195
0 0.6135657771843956 0.37114326906765766 0.1400459899708702 0.09230160580511537
0 0.716127172869476 0.5478471236068285 0.11588106426490725 0.06648315027015243
1 0.10786707733004497 0.8258581171530427 0.14129024122451134 0.08141866950744614
1 0.4722885931651626 0.6398709656169459 0.13789245658477522 0.07193454210278442
1 0.405834530549608 0.5633655185195036 0.15071070533113406 0.08330855172143145
1 0.34281535649299777 0.4492782258685649 0.16201191818411545 0.09619049763774719
1 0.15102238077439956 0.9788814242319516 0.09461381802583095 0.03296132213985139
1 0.2436728820280408 0.9865723839432657 0.0986648205331134 0.011250013246844048
2 0.6347083736482635 0.7442434631698751 0.08261392319868044 0.04971231252120454
2 0.6761721111118513 0.6335316524627691 0.10471624373179385 0.05828870435383635
2 0.2395897534317193 0.6440947072642433 0.1222219924781526 0.06982640507947586
2 0.5547243231069029 0.4621700623515685 0.10976745658477523 0.07095239546082902
2 0.7992866653476286 0.47938481108562414 0.10342652837152996 0.06760914065150558
2 0.7383444683297647 0.32073898658352007 0.10967652837152997 0.06782739546082901
2 0.4383073644105565 0.359312935579879 0.12869931301126591 0.0778571598887993
2 0.41558056974169055 0.28206095481717264 0.1429891335443795 0.08616073320977699