2 0.600370650722797 0.35469799351047354 0.24963923111680728 0.14641489853730275
2 0.8030098083429991 0.6850598291448582 0.1494953889641522 0.05256371266133186
2 0.9255432276103045 0.6805751063372565 0.09924972749876275 0.047003459414921164
2 0.8304564569180896 0.7760706128300783 0.10549972749876275 0.047112553570722505
2 0.7093560628655549 0.80789908563768 0.10813340456798422 0.03779210064862326
2 0.9443276113745324 0.3743017869382215 0.11134477725093532 0.08351370373287832
0 0.3640557717082677 0.5754270994341024 0.3048999412027156 0.15830697240056466
0 0.8428801345531379 0.5655052597458232 0.17103619629109837 0.07635576866768652
0 0.9587043718899817 0.5061421221655692 0.08259125622003652 0.08469437418757338
0 0.5774399202833582 0.663192331984232 0.22210072930778518 0.09754102191409722
0 0.6149642537295863 0.7376059508967997 0.18666119629109837 0.07662850405718977
0 0.306316272046952 0.8016407719173925 0.26379026232447184 0.11856263392680617
1 0.49746025045022596 0.8678991972433518 0.23673643939369332 0.10872398376465
1 0.7204042689947342 0.4964842987060491 0.24224281094499087 0.1244308043815014
1 0.9624833477490643 0.7124603060129451 0.07503330450187136 0.059694374187573375
1 0.9349465069531757 0.6058381590972001 0.13010698609364865 0.06996940097293472