2 0.4621876332750027 0.43784228814615167 0.14480451734563574 0.09313416558343128
2 0.10897972258913993 0.5731119918823252 0.15579656134627212 0.09801258035608366
2 0.3245956319223672 0.5776569902574721 0.13366702267663594 0.0757557508107789
2 0.4439632499204582 0.5938059159871731 0.12423747867599957 0.07090460957707681
2 0.654265497931276 0.5177730702065186 0.11800566000954511 0.07235801542127547
2 0.5243774559198219 0.5998980032431156 0.1148079346753633 0.06605346834337489
2 0.6321348645767314 0.6736685142001642 0.09751134667409059 0.056378459414921166
2 0.3282735205681409 0.7316586976437983 0.11170111600890867 0.06756142126547413
0 0.1564354305776859 0.6583324715897858 0.15728633601209036 0.09178985389503395
0 0.30354678791377665 0.6405836842511177 0.13681020401018137 0.07737279788867965
0 0.39066497990932236 0.6749235024323367 0.11170111600890867 0.06756142126547413
0 0.494353053906777 0.6954871927725342 0.10697725334181776 0.06435460064862326
0 0.4470251625955033 0.5321280762955987 0.13853633601209037 0.09146257142762995
1 0.8469166219366848 0.4812839654974105 0.17614542401336308 0.10149213636243815
1 0.5883592346037756 0.47364519480112915 0.14800224267981754 0.09943871266133186
1 0.2556734565961396 0.524099567774182 0.17312951201463572 0.11081258928453738
1 0.7146030139242762 0.5703992382255819 0.12583634134309046 0.0740568831160271
1 0.7714342692552763 0.5885822223972693 0.12113066000954494 0.07241256249917623
0 0.28944047660727545 0.44264106209213916 0.17623633068109026 0.10930463636243815