1 0.8990537398570255 0.4887054792030618 0.09496940097293453 0.16259425843752046
1 0.9173027280859027 0.24935280252403952 0.1255569277582957 0.2151934687818068
1 0.7955429561718056 0.4624207429980599 0.11404668344033872 0.18199902286549072
1 0.5718273977331144 0.8736136702252363 0.10097393912238176 0.14875001324684406
1 0.5333548275200052 0.5697421365599724 0.1461694366867496 0.23309029691210786
2 0.9424333672910098 0.33231163546366405 0.08861030681713303 0.156126003628197
2 0.8009593388840909 0.6447520933608797 0.07720915665497756 0.1291815577118811
2 0.7016530397775953 0.7358731119652011 0.08658415665497757 0.12950893992586607
2 0.7155536728936225 0.6112823397326825 0.08496710957707698 0.1263293762235353
2 0.6660617820636623 0.31171636015110255 0.14263533360249453 0.20954366950744613
2 0.38933209213050174 0.5803472759455337 0.1613035129856435 0.20551093393541642
2 0.8231902637997177 0.1772744166818573 0.13137055113509036 0.19041172359113015
0 0.3678041452974824 0.7836260433687288 0.15368192775829587 0.21617561542376224
0 0.7763174435899038 0.3546528830165933 0.11895237175194158 0.1946627139724833
0 0.6621753027632389 0.5343726101511026 0.1218864569792892 0.1838343413771451
0 0.5289149691607443 0.7345313228576416 0.11385576866768651 0.1710615228654909
0 0.6022024646965175 0.7456895668671917 0.09628643912238175 0.1485863221398514
0 0.43825123864250487 0.9127257555271135 0.11223872158978576 0.16788195916316012
2 0.8211099720001179 0.5203795759376845 0.07246710957707662 0.12589286660488846