2 0.4578125 0.34765625 0.0828125 0.06171875
2 0.47421875 0.41875 0.084375 0.05703125
2 0.54921875 0.45703125 0.08828125 0.0578125
2 0.6765625 0.471875 0.0921875 0.06171875
2 0.49609375 0.52265625 0.1015625 0.06640625
2 0.15078125 0.43828125 0.09609375 0.06953125
2 0.43203125 0.6796875 0.09921875 0.08046875
2 0.228125 0.6859375 0.11484375 0.078125
1 0.78828125 0.57578125 0.1125 0.075
1 0.65546875 0.6390625 0.128125 0.1015625
1 0.51953125 0.72421875 0.125 0.0984375
1 0.41796875 0.56875 0.12109375 0.08984375
1 0.2796875 0.44609375 0.115625 0.07734375
0 0.18671875 0.525 0.11328125 0.075
0 0.37265625 0.38515625 0.090625 0.065625
0 0.72109375 0.35390625 0.103125 0.06015625
0 0.60078125 0.38671875 0.09375 0.0671875
0 0.6328125 0.5515625 0.1078125 0.07578125
0 0.2890625 0.55234375 0.10859375 0.07734375