1 0.3080219760165759 0.7099111752437445 0.07547949710451585 0.11298338479802066
1 0.24366418527941955 0.4960328801791672 0.07133565260503386 0.0910174565847754
1 0.31515604156572585 0.5231469611371218 0.07645980024766903 0.10052884890464338
1 0.510937268406362 0.5859521526782023 0.09197779238978612 0.13218802586424747
1 0.3823415033097689 0.273198436922227 0.09383139081820957 0.1384834899708701
0 0.5299356331697237 0.39640391937124975 0.0963014193542568 0.12451191818411544
0 0.43944972022560763 0.4915596435070023 0.07980312406898663 0.10530727711788863
0 0.4392935165443352 0.3773380191338229 0.0831464478903042 0.11008570533113407
0 0.4664661002904502 0.21384382046660644 0.09837334160399784 0.13549488229073817
0 0.2897451267595829 0.41366666105797956 0.0753339478903042 0.10985838479802065
0 0.35495274979511227 0.4077409214828208 0.06632282092583353 0.11739810015828453
2 0.3750446561241997 0.7322013638818311 0.07362589867609248 0.10668792069139794
2 0.4329706261404104 0.6642613576136249 0.0784589478903042 0.10994931301126591
2 0.2541585754784566 0.606643771245394 0.06345037799792799 0.08922763605166181
2 0.32957595244292737 0.616661280416594 0.0601070541766104 0.08444920783841656
2 0.37865346133426747 0.5539399715619631 0.07133565260503386 0.09101745658477522
2 0.24082178329355824 0.3387061134861197 0.06152400496239876 0.08136967194503919
2 0.2938783167920042 0.2745359648980455 0.07482452564056316 0.09892088479802066
2 0.39317845761021386 0.14130357924209502 0.07853172249740999 0.111511813011266