0 0.21500262621287308 0.6816504966803503 0.12830800649282176 0.10073631908544911
0 0.5383037585181214 0.6757197010098313 0.1235386858759707 0.0960215480082102
0 0.5901099460189452 0.555720818398078 0.14075345941492118 0.097684041958086
0 0.4257883473989169 0.5399225806947181 0.14875687418757355 0.10866699375348396
0 0.43492974796810985 0.39233450838781525 0.14913870373287813 0.13054199375348405
0 0.6332229719935276 0.47472989363184703 0.12844437418757337 0.10854881908544911
2 0.25682806736714486 0.43738741227319905 0.13477619480442452 0.11327268052176756
2 0.2722054257264057 0.602303885145836 0.1330773271096728 0.10545109016268786
2 0.3789929882255819 0.7232254392041704 0.1268000535707224 0.10385222872636941
2 0.77793545413662 0.4412002970262516 0.11257391233702041 0.09439541549465283
2 0.6195678007280534 0.36372421593875 0.14549550649282175 0.10083631303532484
2 0.6259211663942101 0.28017591773414807 0.14099892126547414 0.111746541958086
2 0.3298621927725343 0.5042118187908614 0.12364778003177213 0.10227154800821019
2 0.46909406249588087 0.6042305203898678 0.11101141233702042 0.0943863251355733