1 0.5015625 0.41875 0.14375 0.07265625
2 0.46484375 0.3671875 0.103125 0.06171875
2 0.4625 0.2625 0.0921875 0.053125
2 0.38125 0.334375 0.0890625 0.0546875
2 0.2875 0.37890625 0.084375 0.05625
0 0.17109375 0.43828125 0.12890625 0.05703125
2 0.16953125 0.38203125 0.09375 0.046875
2 0.14140625 0.5390625 0.09296875 0.0625
2 0.62109375 0.5484375 0.15390625 0.084375
2 0.69375 0.4109375 0.1390625 0.0671875
1 0.23828125 0.49296875 0.1171875 0.06953125
1 0.81015625 0.35390625 0.171875 0.078125
1 0.7125 0.27578125 0.1359375 0.06796875
1 0.6609375 0.20625 0.13828125 0.06171875
0 0.309375 0.24140625 0.096875 0.04609375
0 0.2953125 0.3046875 0.103125 0.05703125
0 0.56328125 0.29375 0.1203125 0.0671875
0 0.4046875 0.5046875 0.13359375 0.06484375
0 0.2953125 0.56875 0.115625 0.07734375