2 0.671875 0.46953125 0.09140625 0.04609375
1 0.72421875 0.40859375 0.1 0.034375
1 0.77734375 0.3796875 0.096875 0.0375
1 0.86171875 0.4640625 0.1078125 0.040625
1 0.62890625 0.52265625 0.12421875 0.0546875
1 0.31328125 0.53984375 0.14140625 0.059375
0 0.4953125 0.33515625 0.090625 0.03984375
2 0.3578125 0.478125 0.10859375 0.04609375
0 0.33671875 0.42578125 0.1125 0.04609375
0 0.40390625 0.378125 0.09921875 0.0390625
0 0.1984375 0.4390625 0.1140625 0.05390625
0 0.48359375 0.49765625 0.11875 0.05390625
0 0.35 0.60859375 0.146875 0.06953125
2 0.50859375 0.58125 0.11640625 0.05390625
2 0.16171875 0.528125 0.13125 0.05546875
2 0.46484375 0.440625 0.0953125 0.04609375
2 0.540625 0.41953125 0.0921875 0.03515625
2 0.33828125 0.3390625 0.0953125 0.0359375
2 0.62578125 0.33125 0.08671875 0.034375