0 0.5774181173615441 0.22119577355444492 0.11308180267345432 0.05261846656500006
0 0.8539629833704527 0.2932396533978132 0.1413704346753633 0.06733558320625015
0 0.7908742794000423 0.5096809645682299 0.1399352040101814 0.07823671561506948
0 0.13181745273708767 0.5216775910900349 0.12739884134309049 0.07482077488562507
0 0.3825901594127691 0.5939026556789239 0.1321590666772722 0.08117987765916687
0 0.2866038553866794 0.3995331002080905 0.11155566534054503 0.055707098973819494
1 0.9146726693586806 0.20795742324944522 0.13829997867599958 0.071950348023889
1 0.5374300113780889 0.3421070323881602 0.13190452800763594 0.05930487765916679
1 0.6009299847230883 0.4294992360353825 0.14767497867599957 0.07216855357097227
1 0.6593975600731785 0.5542641531134727 0.15559656667727229 0.08172539152687505
1 0.8791153353357725 0.038425520039063236 0.09104317067154497 0.0380468202884723
1 0.9734375 0.02968825930548693 0.053125 0.015298998100138928
2 0.37893516402768057 0.2126708394745142 0.08172271467218159 0.04251611474138892
2 0.33174308537554353 0.31857469414791695 0.10210794000636332 0.04923889342673622
2 0.7728680720480432 0.371799104860834 0.11942270934118149 0.060576436929722276
2 0.4456617767345423 0.5102374769173268 0.10381589067472685 0.06177526101791671
2 0.19900440539463354 0.456072081306389 0.097529528007636 0.0585047906531944
2 0.2533208300843143 0.6268216456109377 0.10534202800763603 0.05868662860909737
2 0.5587623080839961 0.6315877596867365 0.12416475334181776 0.06537303970326391
2 0.5784486467615866 0.7124929207809032 0.13677384134309048 0.07503898043270851