0 0.5875689491959418 0.8351428776557329 0.3291659774344577 0.21382564111185864
0 0.48618464245288207 0.9407079664174862 0.3086883413827959 0.11858406716502756
1 0.6438824483380121 0.6745639037750149 0.3624331185006847 0.23117027136958335
1 0.29291333023303884 0.7164183746035153 0.33885922618081654 0.2252544640426372
1 0.3917981449601645 0.9673506925594826 0.08347774122451135 0.06529861488103492
1 0.4014927083671419 0.7494942254625979 0.07530152837152997 0.06791119629109836
1 0.1736859571135007 0.7266012008136541 0.0543070667721897 0.043409163274411536
1 0.7733426278048986 0.6891730376507842 0.0711141335443795 0.08485303482570909
1 0.11699202474362025 0.8464732875392424 0.04479567445232169 0.03823034034363317
1 0.5780970093042141 0.8917646918800841 0.19561402837152997 0.07421650723608905
1 0.2152309479423007 0.804675291157287 0.18279577962517113 0.062623909995051
1 0.5112063406578802 0.662915995588986 0.054807171945039104 0.06059666327441171
1 0.19784252263204918 0.6762260645630355 0.05260817445232169 0.03863977611928178
1 0.5908590852476039 0.7758497648108627 0.25526181301126594 0.08670321913101979
1 0.4601486428485934 0.8042093809350934 0.04346049498543501 0.04596095318850324
1 0.649720922869476 0.6083623716628391 0.25847774122451134 0.08999199344127931
1 0.19193585194065124 0.744771346675211 0.058812710345698974 0.0374048247398008
1 0.30267712364826355 0.7842200282669884 0.20494356426490726 0.0731453301668676
1 0.22099756314428004 0.875397226932936 0.16072220282385158 0.1082706026681052
1 0.1749673122863502 0.709454644391219 0.04782974623907634 0.03526911465389251