2 0.5640625 0.3313762369981596 0.2578125 0.17913638059640907
2 0.79296875 0.6350047687716509 0.153125 0.07052494120271575
2 0.91640625 0.6105669335164006 0.1046875 0.06017393939369349
2 0.82734375 0.7230470013587963 0.109375 0.06041960085908258
2 0.70703125 0.7746648123037873 0.1109375 0.05268898801421233
2 0.9234375 0.29457344131831664 0.1328125 0.10071040818602892
0 0.3390625 0.5939492373368438 0.3140625 0.1992718181810801
0 0.825 0.5067635820914911 0.175 0.09823386137453234
0 0.946875 0.4269388839913704 0.10625 0.09931832654882307
0 0.5625 0.6486456241532894 0.228125 0.1275805246489437
0 0.60625 0.7190090338096563 0.19375 0.10077900723608924
0 0.296875 0.8336601905253472 0.271875 0.15331086499257687
1 0.4953125 0.8701355218238687 0.24375 0.13933689620024126
1 0.69609375 0.45726927238969556 0.2515625 0.15693383197589003
1 0.95859375 0.6349184803278972 0.0828125 0.0715275192218769
1 0.92734375 0.5318687234304923 0.1453125 0.09042800542706697