0 0.5162475041763512 0.11035186592936688 0.08270835099579195 0.13215906667727223
1 0.48203138437500004 0.114506425 0.4861617046875 0.125227625 0.49570675781249995 0.1409198265625 0.508970321875 0.1494585484375 0.5216092859375 0.1491086296875 0.5346171953125001 0.141994828125 0.543729009375 0.12749306875 0.548185409375 0.10681182656249999 0.5415781234375 0.0728553453125 0.5331046890625 0.06039898125 0.5233468453125 0.053692821875 0.5007372421875 0.056322621875 0.48971641874999994 0.0676859421875 0.48183237187500005 0.087645703125 0.48203138437500004 0.114506425
2 0.4327876742319516 0.17457854527373 0.10252977767481415 0.118332924013363
2 0.3496651170682247 0.452776817950366 0.09526291469812272 0.13386701734563572
2 0.45475935563547926 0.5070001466025029 0.07838294954451293 0.09774770401018137
2 0.49217999928220985 0.4417473165977304 0.06561013103285873 0.08978975334181775
2 0.6065078501931837 0.6340882632479585 0.07994544954451292 0.09776588534372674
2 0.4078099114484438 0.8003961579408209 0.07849207694917482 0.10087270401018138
0 0.46761156361751277 0.31786492126832117 0.0837252139724832 0.11655224801081765
2 0.5425470762313845 0.3412018765913671 0.07424108656782166 0.11331816000954502
2 0.6333680275899962 0.20035815324636763 0.073278787293461 0.13048747867599958
1 0.21871272823081758 0.5128705279678651 0.10658236061443871 0.1449317866804538
1 0.2901983147138212 0.7244523706238202 0.10134922359113015 0.12925224267981755
1 0.3246229331328082 0.610816584619684 0.10560021397248329 0.11680678668045381
1 0.5424974909295074 0.20844392059200345 0.10738096878180663 0.12307496801399935
0 0.5769096633473604 0.4306092745862764 0.06938989546082901 0.10857611600890867
0 0.6433456843987526 0.3618950899109132 0.06593751324684405 0.09916475334181776
0 0.552958753458561 0.5573990412555945 0.07838294954451293 0.09774770401018137
0 0.5013267876719791 0.7165291405951851 0.07514882213985138 0.0945863413430903
1 0.37901285508732513 0.3056200072804115 0.10016866950744614 0.14017156134627218