2 0.3645288526766325 0.6282913687141797 0.21639133225631965 0.1696601613621805
2 0.2653782653863198 0.39516923870145293 0.25174825721819455 0.2122476507001803
2 0.40908797853284734 0.1937714653882702 0.2630858007211808 0.22956242003499838
2 0.537325347358299 0.36787313140513306 0.22216985999173638 0.2165897053628168
2 0.685280376612327 0.7851071794239048 0.17547539152687505 0.15668744668999893
2 0.7644567707046533 0.6634054494350408 0.19894925911805572 0.15852266669318063
1 0.7905406131258683 0.34114009810626783 0.27238806553881967 0.22654650803627102
1 0.659977678096007 0.1677924100890868 0.3233699905006947 0.2693158107097253
1 0.5256683340592714 0.7395117740690423 0.2454255220358334 0.20904992536599848
0 0.7228478861116324 0.5199912567631774 0.26570165444465277 0.2077237827020893
0 0.4729388050895838 0.5209884933959061 0.2577800516711113 0.2029453760343621