1 0.4452861047771381 0.14822718065402082 0.14887542069139795 0.07302362602253201
1 0.21491664317779788 0.1649814569804867 0.19794941818411543 0.09630801332783516
1 0.4368167237400412 0.25119305628084143 0.1664720976510022 0.08758623119538153
1 0.8631482400373771 0.4059059176553901 0.13508570533113406 0.0819894490629279
1 0.5793522500665069 0.4852223784633075 0.21407452335696497 0.1139501543940618
2 0.29024926379005356 0.12885975204506406 0.14244356426490726 0.06659176959604132
2 0.6105186481923628 0.2202793400626477 0.12034124373179385 0.05814277210332373
2 0.7113477108079174 0.3021862210997447 0.11592652837152997 0.06738137978345567
2 0.590807890274804 0.30649798488979824 0.11436402837152997 0.06733591567683303
2 0.31377036566419775 0.3953940341775176 0.19068248746358768 0.11483069279472176
2 0.6121383548436452 0.6214470349689405 0.18029055674305994 0.1332624440483629
2 0.1525864762473236 0.26481632092882484 0.1904551669304743 0.10701819279472176
0 0.8094225318032493 0.6131130124033983 0.19403480799670092 0.12273412100796718
0 0.3365750313410308 0.28346233551030114 0.1791084899708702 0.09263744404836291
0 0.5256626119032741 0.3687191885715796 0.16674488229073817 0.09696123119538154
0 0.7378467116658471 0.4663767532321982 0.15401756175762493 0.08878501834239998
0 0.7367903285171792 0.3951920750189529 0.1349038489046432 0.07573944906292791
0 0.915920235880742 0.5270738754938066 0.1415175617576246 0.0884213054894186
2 0.48779420203242874 0.21905415769276723 0.11712531551854859 0.05492684389007838