1 0.7179233435585768 0.49677806577796224 0.19658667211208342 0.12976970752810466
1 0.40388098698531294 0.5854479990485979 0.23688436379145852 0.11736254942915884
1 0.10720731515756998 0.6490688527754691 0.18692073138263895 0.11688770555093822
1 0.29647114332982694 0.7324901423187961 0.16471842306201392 0.10193386760421674
1 0.4206548321594104 0.8031130015200558 0.17085932028847228 0.09750103558899426
0 0.5161958829775003 0.41440994026508005 0.1964775693385416 0.12508220752810448
0 0.4337119977188893 0.49222192247058294 0.22787303970326392 0.1326055474519924
2 0.5160549850854519 0.6430933557783997 0.1569422906531944 0.10317803262324468
2 0.9142560957427783 0.6491721898079694 0.13463087955902786 0.08353669467652339
2 0.7471049633339588 0.6439223212151696 0.13771951196784737 0.08210152866891214
2 0.6576073586605562 0.6886671354358949 0.10963087955902787 0.08251802273741297
2 0.6162024150813201 0.7541037930405491 0.11261040919430557 0.07639535672980173
2 0.16914296428388936 0.593834866121342 0.1723490851061112 0.09443970258518863
2 0.11181816071291703 0.44476335475263545 0.1977127610179168 0.11108337452429887
2 0.7645599945847572 0.3878460761580855 0.17772756933854178 0.12431820357377177
0 0.8603121717308339 0.5782893454354574 0.15058318787965277 0.09823586463846716
0 0.8060455118709381 0.7282774165762649 0.1472399823325695 0.0887335306460784
0 0.8411121493137506 0.7929275069944443 0.1281626740119446 0.07390702669174569
0 0.4554824674180214 0.7233591759306239 0.15359908510611114 0.09367569863085592