1 0.30859375 0.559375 0.17734375 0.09375
1 0.5984375 0.4125 0.2203125 0.071875
1 0.8796875 0.2921875 0.17890625 0.08046875
1 0.6828125 0.24921875 0.15078125 0.07109375
1 0.55390625 0.20390625 0.1578125 0.06484375
0 0.51328125 0.60078125 0.17734375 0.08984375
0 0.58203125 0.50859375 0.209375 0.08828125
2 0.4828125 0.378125 0.1421875 0.07265625
2 0.1 0.45 0.121875 0.0578125
2 0.2609375 0.421875 0.125 0.05703125
2 0.34140625 0.36171875 0.0984375 0.06171875
2 0.37265625 0.2890625 0.10078125 0.05625
2 0.82265625 0.359375 0.159375 0.06171875
2 0.8984375 0.49296875 0.18203125 0.07265625
2 0.278125 0.67421875 0.159375 0.08984375
0 0.16015625 0.5078125 0.13671875 0.07109375
0 0.19296875 0.3515625 0.13359375 0.0609375
0 0.1515625 0.2953125 0.11796875 0.0484375
0 0.53125 0.28828125 0.14140625 0.0640625