2 0.3859375 0.21015625 0.07734375 0.040625
2 0.41796875 0.3140625 0.07109375 0.04921875
1 0.45546875 0.35859375 0.06484375 0.04765625
2 0.515625 0.325 0.071875 0.04453125
2 0.64921875 0.40703125 0.06484375 0.0515625
2 0.47578125 0.4125 0.07578125 0.046875
2 0.540625 0.53203125 0.07421875 0.06328125
2 0.6421875 0.69140625 0.071875 0.06171875
2 0.80078125 0.7375 0.08828125 0.0671875
1 0.69765625 0.496875 0.0859375 0.0671875
1 0.63203125 0.2984375 0.0765625 0.05390625
1 0.3515625 0.5375 0.10078125 0.07890625
1 0.38359375 0.67109375 0.11171875 0.07890625
1 0.70546875 0.796875 0.09921875 0.08203125
1 0.60546875 0.61484375 0.0859375 0.06875
1 0.5078125 0.471875 0.0875 0.04921875
1 0.28515625 0.328125 0.0765625 0.05703125
1 0.4203125 0.25546875 0.0875 0.04921875