1 0.4570887146440364 0.7866368382122841 0.14775260339082213 0.09095736061443879
1 0.5981696329648359 0.7551908868536725 0.17333480024766904 0.10433037985173232
1 0.7940279425181298 0.7366516740623156 0.20360449710451575 0.11786709019601868
1 0.5350083151393743 0.5873610353097265 0.19103172249741007 0.11586808057737183
1 0.294668067206289 0.40543894583149803 0.19175946856846862 0.13149308057737183
0 0.07437687614041039 0.6471254819438327 0.12693068114108114 0.07931053248413775
0 0.1407681635677978 0.5948883701482676 0.1333990049623987 0.084216287293461
0 0.45100784264196436 0.6994915022774346 0.1429195541766104 0.08766866950744615
0 0.5046980386702418 0.38406490971916335 0.19793669396136265 0.13014883538669525
0 0.5319261646012551 0.48607135382138084 0.17726032092583352 0.12162700725639404
2 0.2870632365605459 0.28402773730131026 0.17435364474715104 0.1262053798517324
2 0.8587390676205737 0.5362771626295701 0.20880141935425697 0.12896828130301116
2 0.7523177855698698 0.6608902714299104 0.17958480024766885 0.10454863466105593
2 0.42085376985410416 0.6100669037287135 0.150950377997928 0.09262898801910033
2 0.29421418714144637 0.6831274362128511 0.12402400496239867 0.08388890507947586
2 0.2783944421038451 0.6041219824919868 0.13481595574818703 0.08114585099579194
2 0.21689832403071457 0.5345113761387174 0.16166955417661039 0.08832343393541642
2 0.063757400228533 0.4845808419252992 0.127514800457066 0.081091287293461
0 0.14016034967127772 0.44047368865992187 0.162397300247669 0.10394843393541642