1 0.6545835168144091 0.6874815982096958 0.10777743882958327 0.06747960064862309
1 0.43630498907899246 0.7305655762955986 0.08746493882958344 0.06712504464226861
1 0.47226197929534663 0.663196844152506 0.0969490416031249 0.0719761858759707
1 0.5547874578281939 0.47549802110002304 0.12852634992375017 0.08658415665497757
1 0.23283776301468703 0.5738268323846786 0.13790134992375008 0.08674779788867966
0 0.3711398096518052 0.44102974350388296 0.12234908510611113 0.08960006249917604
0 0.45485888658979123 0.5378422881461516 0.10167290919430556 0.07362050649282174
0 0.340978224545694 0.5280388198027769 0.10646951196784729 0.0783898271096728
0 0.18485616432520793 0.48623532913826767 0.13332295269729172 0.0913534772718286
0 0.3601431857923606 0.6784342861175567 0.10468880642076392 0.06898755357072232
0 0.3624336908263536 0.613604172887032 0.11384560087368056 0.05977619480442442
2 0.6834547056439926 0.6223338851413268 0.10312630642076392 0.06896028003177204
2 0.6231724754956245 0.5595378303527884 0.10785017401194459 0.07060460064862309
2 0.5464794228745827 0.7317071107915976 0.08884560087368065 0.05933981818121907
2 0.564594949660069 0.6585559829505762 0.0825228656913195 0.05610572402541756
2 0.5095996315557981 0.6036678855483639 0.08899107123840277 0.06558981818121908
2 0.2810362608304855 0.7192581091700397 0.0793978656913195 0.056051176947516976
2 0.22376992790857586 0.661204101459402 0.09531380642076392 0.06882391233702041
2 0.10440429170003426 0.5512642654212755 0.1094854091943056 0.07375687418757337