0 0.44453125 0.0703125 0.1328125 0.075
0 0.465625 0.221875 0.1265625 0.07578125
0 0.5046875 0.37421875 0.13125 0.06796875
2 0.5234375 0.5859375 0.15859375 0.075
0 0.5140625 0.52109375 0.12578125 0.0765625
0 0.7515625 0.57578125 0.14765625 0.0859375
0 0.48125 0.67109375 0.1328125 0.08671875
1 0.24453125 0.32890625 0.14140625 0.078125
1 0.15390625 0.578125 0.17109375 0.0828125
1 0.7640625 0.321875 0.15546875 0.0765625
1 0.7734375 0.1953125 0.15390625 0.08671875
2 0.28203125 0.103125 0.1359375 0.06015625
2 0.45703125 0.14765625 0.153125 0.0671875
2 0.49140625 0.309375 0.15 0.078125
2 0.50703125 0.4515625 0.159375 0.07734375
2 0.2421875 0.43671875 0.12734375 0.065625
2 0.3796875 0.56640625 0.12890625 0.07890625
2 0.49140625 0.7515625 0.1171875 0.07734375