2 0.6164637746914762 0.38576894191600386 0.22445562021691715 0.1775999306969986
2 0.7189564738545956 0.6275286332352318 0.2606476502711466 0.2217681013685439
2 0.5637912091220685 0.8457257445894582 0.2701226442210222 0.23906468936981645
2 0.4312383052366847 0.6683739986075936 0.22787151170746506 0.2276362933640895
2 0.2806540605994379 0.23343701929504723 0.17749880698520065 0.1629919906906352
2 0.1955109252572102 0.36645006130650126 0.20564198770335987 0.16644425469445334
1 0.16306502215739335 0.7066483473106373 0.2825953731437834 0.23452264003818007
1 0.3027355344540335 0.8690745272915474 0.3248737767345796 0.25063853604390685
1 0.44836373536566876 0.2760137759389119 0.2528078791939077 0.21698969470081667
0 0.23761154596510675 0.5151688246340015 0.27467378883482796 0.2156817333704529
0 0.5009427929400446 0.503511519931594 0.26682492739850955 0.20934082670272555