2 0.17321423367311317 0.38019838757146274 0.06103175843752049 0.09420635698624169
2 0.28318694519852583 0.4262970828548065 0.06862600362819701 0.08822917549789597
1 0.32605400227743464 0.47239826733837714 0.06372024881887359 0.0818154843909035
2 0.27775042233303504 0.5372891465571374 0.062430567330527965 0.08957342068857237
2 0.3455678609929569 0.6956621525475872 0.0684077488188736 0.08197917549789598
2 0.382802510081983 0.5008481603521355 0.06571925843752044 0.09437004809323427
2 0.5039111290491242 0.5855728460168323 0.08446925843752062 0.09502481252120454
2 0.6640351187975051 0.7149726254209272 0.08123513103285873 0.09179068511654283
2 0.6865301337736296 0.8975569469278064 0.089702395460829 0.1108135036281972
1 0.43778015364389555 0.7587672985565703 0.0895932680561673 0.1076885036281972
1 0.22801826244423573 0.6654339939247322 0.07514882213985138 0.0962599303072194
1 0.5432811970126243 0.3742980401190499 0.10431053248413757 0.1269295769491748
1 0.6867385311333752 0.42234861580228034 0.10630954210278443 0.13948414065150558
1 0.7696551470204736 0.7963366981089327 0.10899803248413775 0.1270932680561673
1 0.5853669709744235 0.6662201560909662 0.09277283175849824 0.10936013103285873
1 0.443774726416719 0.5424156122589012 0.0692807680561673 0.10697917549789597
1 0.32190968321762625 0.2782489632546931 0.07989088584218215 0.09798612141421188
1 0.21697166815668378 0.42314729020386793 0.07084326805616739 0.10703373920022674