1 0.7961084809789746 0.6683632781627363 0.08809081306795079 0.15160727360693613
1 0.728058340160765 0.8007060703266984 0.10033825599585597 0.18036931043863902
1 0.6592611825933324 0.9439745970585804 0.10854886228216235 0.1120508058828392
1 0.5771936610865984 0.6759805441595134 0.1120035020669146 0.1966313472703419
1 0.46002554756158187 0.36599235217907805 0.12911822745980875 0.19606990514873246
0 0.7601989836650617 0.22836833874254975 0.07776974317557439 0.13074874203690506
0 0.6897922843270156 0.2767533598598243 0.08118584160399785 0.1371807525602488
0 0.7108816104246447 0.6312812361399487 0.08474748924663303 0.1467377630835923
0 0.38230500020939695 0.5714086232963526 0.12479460049533805 0.2036093893637169
0 0.47641456513937436 0.6364259495200073 0.11916103060296201 0.1830238735787013
2 0.3402246238640988 0.3143626917686738 0.1237029813887502 0.1801718893637168
2 0.44352702068267363 0.9399024761107151 0.11770553846084475 0.12019504777856974
2 0.5922941604674259 0.9151558641943076 0.10062935442427942 0.16968827161138478
2 0.6292356581911143 0.5677732020096689 0.0898716368892682 0.15638577886860805
2 0.7374184933849713 0.46518579928001086 0.08074919396136267 0.12780575256024881
2 0.6619668831697237 0.4200560388272544 0.0781336162111037 0.13856124203690498
2 0.608829074649887 0.33314059677623187 0.0842038337461151 0.16852175782192055
2 0.601427605252849 0.15566804415951335 0.07806084160399784 0.13699874203690507
0 0.5364703852366384 0.22160458632347532 0.09961050992479752 0.1647443104386391