1 0.87421875 0.25859375 0.190625 0.13671875
1 0.8546875 0.4109375 0.18203125 0.134375
1 0.5703125 0.23203125 0.18359375 0.12734375
1 0.36875 0.3515625 0.178125 0.13515625
0 0.38125 0.49453125 0.16171875 0.12421875
0 0.32890625 0.21953125 0.16171875 0.1296875
0 0.0171875 0.01796875 0.034375 0.0359375
2 0.18984375 0.41484375 0.1390625 0.10234375
2 0.596875 0.39921875 0.15078125 0.0984375
2 0.63984375 0.50390625 0.1484375 0.1015625
2 0.7375 0.7390625 0.15625 0.11875
2 0.403125 0.71640625 0.19140625 0.11484375
2 0.66875 0.62890625 0.14296875 0.1046875
2 0.4875 0.5921875 0.146875 0.11328125