1 0.55234375 0.2171875 0.13046875 0.0640625
1 0.68125 0.2625 0.1546875 0.07265625
1 0.86640625 0.30390625 0.18203125 0.0796875
1 0.58828125 0.4140625 0.16875 0.0796875
1 0.32265625 0.5578125 0.165625 0.09609375
0 0.15859375 0.30390625 0.11171875 0.05546875
0 0.21171875 0.3609375 0.11796875 0.05859375
0 0.53046875 0.2984375 0.12578125 0.06015625
0 0.51953125 0.603125 0.1734375 0.0921875
0 0.565625 0.51015625 0.15390625 0.0890625
2 0.2921875 0.67265625 0.15078125 0.09296875
2 0.8890625 0.50078125 0.18359375 0.08984375
2 0.8109375 0.3703125 0.159375 0.0703125
2 0.48359375 0.38046875 0.1328125 0.06484375
2 0.3765625 0.2953125 0.109375 0.0609375
2 0.34609375 0.36875 0.11875 0.05546875
2 0.2734375 0.42734375 0.1453125 0.05625
2 0.11328125 0.45546875 0.11796875 0.05546875
0 0.18125 0.50703125 0.14140625 0.0734375