0 0.6724814303485818 0.16123521051392228 0.09890224672063966 0.13134425843752048
0 0.6891278612629905 0.5007168619652012 0.09380531094499087 0.12336806733052796
0 0.5650076085494571 0.5691717068857252 0.0964323439616777 0.14373513103285873
0 0.5371736148810351 0.3983582098809501 0.10942366689245624 0.15354664065150558
0 0.38245181535600503 0.4234797170525262 0.13253361827193721 0.1481150961864685
0 0.4831124773872212 0.623447489918017 0.1113203595655099 0.1302182680561673
2 0.4183461290145294 0.23141126814098537 0.11477290818602892 0.136577395460829
2 0.5921930647901782 0.22965533909971034 0.10531602103089917 0.13468751324684397
2 0.7270826419048282 0.32907004045832194 0.10498847241038015 0.12843751324684388
2 0.4577362618742459 0.7790972891923775 0.09479460085908258 0.11248513103285873
2 0.3642805902320914 0.620863148540872 0.09832239258219673 0.1500396947351895
2 0.27805980721540463 0.6382019267638404 0.11033106965141819 0.14110120435383636
2 0.49377217492151493 0.30057298510869357 0.10013719810012063 0.1251488221398514
2 0.6087686538906157 0.4360789538905003 0.09479460085908258 0.11248513103285873