2 0.7348461124870501 0.5675157044066973 0.1008390620344933 0.05442673871722903
1 0.7948611213783903 0.633237644298425 0.1080693651776464 0.042154059250342255
1 0.8532750889134014 0.664584584190153 0.10508991439185848 0.045188131037097
1 0.9365177743977089 0.5757243241610231 0.11617296360606985 0.048631379783455844
1 0.6861688639347922 0.5107057632613281 0.13557793507002244 0.06323944906292792
1 0.35043041707794526 0.4884537123907631 0.154619033498446 0.07003501834239997
0 0.5572391509478949 0.7074634398252208 0.098912688998964 0.04656877461060631
2 0.4026693132728384 0.5547295817493775 0.11951628742738744 0.0534098079967011
0 0.38341419912864927 0.61034308425666 0.12271406203449331 0.055063236209946353
0 0.45758159925248376 0.6616531831613033 0.10665241439185813 0.04523359514371954
0 0.2359933895753553 0.594350708234128 0.12613016046291675 0.061404164423191784
0 0.5336453314698034 0.5359150487589941 0.12925516046291677 0.061495092636437224
0 0.38451001054397 0.4161073509497074 0.16137845574818693 0.08115437476889084
2 0.5544607915612166 0.4467987244649569 0.12769266046291677 0.061449628529814504
2 0.1910019131490039 0.49941864146193826 0.1435359842842343 0.06659176959604132
2 0.5177335411469318 0.5963069794795219 0.10552656203449332 0.054563131037096826
2 0.5991119737357551 0.6181796309705899 0.1002568651776464 0.04192673871722885
2 0.3907965136443419 0.7018402624699054 0.1033818651776464 0.04201766693047428
2 0.6956295628585536 0.7138307632613282 0.09393409057054072 0.04018238229073816